499
100
2
819279119 193
508710625 104
782271069 64
10196044 11
278109069 135
370519604 391
782597392 159
711988095 209
43169161 13
788870189 299
938790085 205
611449737 302
68505668 12
384585049 297
356088291 453
929939511 61
297770959 241
854761046 78
78881206 13
519558709 218
129746443 370
88991452 11
651774584 102
462587986 475
95810143 12
94033950 11
92995530 12
74850800 10
476470613 91
76778121 12
27796520 13
302813942 427
912149964 249
119696225 428
65811233 11
34726416 13
28877832 12
977876241 393
55740818 11
303851101 175
77376749 12
62570725 10
380415542 480
94252602 13
77771930 12
25206034 13
230574676 441
31427091 10
37231348 10
737905763 430
10291320 13
66485228 10
557091408 154
592307862 498
864329240 373
847989488 142
87303347 11
537398905 461
441736597 134
23918832 12
96557559 11
641290372 396
86385063 11
91037111 10
21042048 10
79893897 13
569143858 498
77921435 12
84011167 10
21164212 13
278002114 496
84880192 11
201567353 112
613052706 355
30467844 10
770210197 291
612978621 62
448538065 240
85945796 11
742340991 320
81483169 13
58944537 12
288753388 103
24311086 13
78799960 13
580957928 364
441096150 338
888685716 406
361229121 176
29385311 10
140168700 202
29128681 10
13666297 13
50144304 13
927466084 162
85339874 13
29517156 13
640173905 482
72363423 12
356669286 144
