127
80
2
246 20
143 125
132 33
286 26
150 70
6 10
117 40
164 10
146 10
248 34
105 72
25 10
106 10
117 11
129 13
185 45
104 12
165 13
178 56
149 12
69 10
174 12
11 11
97 13
141 12
233 79
13 12
9 13
176 12
143 68
156 103
106 95
144 39
183 63
291 100
26 13
216 80
300 125
195 116
123 12
164 18
89 11
235 56
114 81
142 11
98 11
280 110
106 40
139 10
10 12
62 11
23 13
222 66
10 13
3 13
250 42
135 74
243 94
282 44
94 12
104 11
82 10
284 85
207 49
163 12
156 36
187 12
11 13
146 99
91 11
56 10
199 13
251 119
260 54
292 96
229 79
230 97
117 112
131 13
279 50
