113
79
2
114 52
250 37
124 15
105 41
110 9
135 13
192 9
183 26
154 10
243 59
208 94
228 39
105 11
195 12
189 39
150 74
123 12
170 11
109 88
106 9
269 32
21 12
137 87
132 66
148 10
18 11
18 11
127 27
176 44
162 84
184 11
196 9
166 57
110 12
88 11
95 10
125 110
206 67
152 33
70 10
120 82
142 12
56 12
285 25
86 12
187 9
156 98
75 10
184 80
199 10
291 89
270 107
101 70
39 12
35 11
31 9
41 11
141 12
65 10
174 11
255 16
63 10
202 73
296 105
131 81
104 102
141 12
272 56
204 109
251 64
32 10
133 77
87 9
146 101
34 9
268 53
146 12
24 10
260 39
