498
100
2
152553055 84
89317628 8
629748508 194
193532267 115
859354607 249
36513813 10
936004546 454
318256040 480
573841456 67
35182032 9
123738805 459
84248920 10
15184556 10
508990755 169
24524638 10
99822928 8
69446949 9
630288792 294
990155846 187
329051912 204
39018506 8
26683539 10
772472816 96
713694473 372
305032013 126
847000361 165
72397068 8
949450218 476
261167873 142
904542171 229
819468328 373
188491731 180
40990957 9
190934602 330
482625646 98
608306046 278
104930918 379
943530014 412
70015875 8
60721612 10
350541833 224
67236261 9
52217080 7
702392837 298
44132871 7
237886837 232
78345969 9
206902358 440
27346057 9
67780309 9
716678287 383
894446316 406
417134330 109
890598205 103
72897872 8
643255462 216
331303333 205
282729048 111
538661123 103
222341047 191
125668546 449
952694813 440
184293568 107
306712115 302
445493125 470
324286505 83
70689582 10
35197826 9
835011374 477
448945288 117
217247266 114
743925281 178
214580910 445
442566133 359
452125395 237
927449683 200
18097136 9
681115785 263
178299725 414
956946154 193
46654605 10
720677095 84
647524521 233
102269709 105
529557436 159
48473719 8
82717129 7
62775545 10
604509964 330
62924790 8
16961107 7
60497209 10
918523280 114
802796107 232
665298080 273
335650597 317
55794676 9
406264236 195
48854297 9
715212069 125
