500
100
2
251860135 99
263090593 407
77394990 11
592845374 273
97169362 9
60480045 11
37112113 9
574449387 151
633256580 223
61474457 8
36915205 8
477034743 428
476537149 90
37791801 8
168960289 345
30194535 10
11280794 8
41189825 11
58890203 9
214268155 475
691658927 101
845629554 313
629570274 186
276572901 152
196986421 334
117204035 172
725834810 291
920340638 199
941497815 175
944301139 332
156258620 259
388321293 62
33993855 10
862864374 199
546910652 234
68197529 10
908242316 234
302848310 113
346067164 362
362581176 458
398244483 301
620493879 489
33070682 9
296010346 123
522762227 494
68551250 10
762536403 191
478317092 428
36893455 9
155792657 88
87279032 10
40177184 11
529638590 361
24682055 11
716723177 267
30415192 9
95507757 9
641400527 304
58313227 10
620441136 401
900138912 320
374358340 150
850560780 320
480881280 88
991766446 282
433712905 460
625723465 213
96029724 10
698791132 70
706877178 415
270827290 447
457387184 252
748570326 214
397321885 440
469016347 191
160602633 447
277617363 177
23637646 8
61822307 11
135553201 394
826031057 260
700489019 105
29564926 9
243444674 301
338074420 170
70341592 11
97844376 8
825572050 220
302868987 310
785952339 438
50372744 11
666056677 402
18571277 10
45276523 10
29262874 11
43342282 9
834414415 412
702055086 357
663275006 399
132923608 480
