499
100
2
113233101 460
62212886 12
15885034 10
167933969 169
14405753 10
915241939 380
90760046 10
26304292 11
457030326 69
256599331 438
97001031 11
21832204 10
36203782 13
293356526 468
19376012 11
456170886 223
264414898 488
48015764 11
126305614 198
606652881 127
31393003 10
367730374 318
214628592 453
93125055 12
172253348 275
15047067 11
31184759 12
21772925 11
753664746 400
399637864 79
94321787 11
966917033 485
509071059 148
97663725 10
766424357 198
323408302 291
846769292 467
272177942 204
853235123 165
66242811 12
28634800 10
151792546 494
808041164 361
56349116 13
139746179 197
37124996 13
21777120 12
744090443 91
74129221 13
50200526 13
42491631 12
22571153 10
521147039 486
917429582 448
55541422 12
10048209 10
449035996 294
28911250 10
641585610 454
26707050 13
99958882 12
532923540 120
741818515 100
524002933 459
67079859 13
16804151 13
614786696 374
27840578 12
494665842 214
63956994 13
486524178 392
87619949 10
43624617 11
462237696 289
547364784 306
479668728 381
89347414 10
906260920 386
86562041 11
61346841 11
610666652 449
493672076 283
69681045 10
947321264 294
917638791 225
844319159 203
43006543 12
496202285 73
896121326 465
617020133 72
80280187 13
56733819 12
90908287 11
85787862 13
306218682 277
29547934 13
52345459 10
10058921 12
393579633 132
59007658 11
