142
79
2
114 51
250 84
124 35
105 136
110 9
135 108
192 9
183 97
154 10
243 117
208 74
228 26
105 11
195 12
189 85
150 112
123 12
170 11
109 23
106 9
269 76
21 12
137 108
132 79
148 10
18 11
18 11
127 138
176 23
162 122
184 11
196 9
166 119
110 12
88 11
95 10
125 102
206 91
152 14
70 10
120 113
142 12
56 12
285 45
86 12
187 9
156 122
75 10
184 125
199 10
291 123
270 62
101 131
39 12
35 11
31 9
41 11
141 12
65 10
174 11
255 131
63 10
202 24
296 95
131 118
104 88
141 12
272 34
204 99
251 81
32 10
133 76
87 9
146 112
34 9
268 31
146 12
24 10
260 101
