498
100
2
672362865 248
205676536 271
30193093 9
715568370 386
83545410 12
96320326 11
66499658 10
638442516 425
25593701 11
205678474 363
482999120 319
291522292 307
45390945 10
87512033 11
82130227 12
123802110 157
261778580 327
316100415 212
81316160 11
745462469 346
123519563 130
77428835 10
270365972 479
50452117 12
743076380 137
576045734 223
653449221 150
324926603 405
828075003 494
184211728 144
74763292 10
348756441 78
72523605 12
22213448 11
60227051 12
85788188 11
39962144 12
330466210 296
16916681 9
495849765 454
255046752 106
97006281 10
641242477 172
24657562 9
589225400 446
45706273 12
476603102 371
29962649 12
469573773 449
590933570 166
26478918 11
429046730 147
33218331 9
933555066 331
510834264 373
16292093 12
194596045 100
34359461 11
694252972 465
53434723 12
436359401 481
869327554 213
178808557 297
214644992 60
29448269 12
13710556 9
136039602 259
63482338 9
66952367 11
42593572 9
82062012 9
109641062 380
68871889 9
34605952 9
789984412 175
20839932 12
537560567 75
187523236 138
616988888 253
169463935 288
63981919 12
138701777 451
17109731 11
83932044 10
898887445 323
83974118 11
428945053 415
76727391 9
732190721 291
53598253 10
57866556 11
362069231 480
51735359 10
83563382 11
336274860 166
228188904 183
23593643 10
208202200 488
863824163 117
147050903 109
