498
100
2
140101296 225
67651839 9
25012031 8
60466678 7
32578264 9
951367067 361
365639388 467
552585045 489
906647549 162
659505190 177
374879279 257
338095706 187
61246161 7
95378799 9
35328696 10
253331308 477
998148165 306
597505344 263
656728383 282
62680270 8
142822056 224
99096121 7
943900810 375
157719379 384
52859601 10
646658535 225
633600035 185
274065809 118
80863411 10
57081301 10
31516909 10
897804364 213
48404280 8
275345917 179
54133331 8
30001901 9
39326624 9
51764311 10
60667914 8
383133197 325
87499737 9
366297363 385
139634856 228
935777584 495
248738694 218
239602705 138
64379911 7
731177816 276
228121514 67
59206474 10
695947395 385
58244724 8
176443812 248
479694012 200
16071551 10
986235546 429
928373951 351
44298253 9
123174540 105
52092503 9
374412072 229
39872434 10
175800623 344
94311348 9
298608853 197
39898427 9
100080131 130
784225016 318
292999274 334
56982288 9
472493935 390
688595243 235
89342569 10
18991723 7
73936633 9
772627974 391
526543116 372
52370536 9
933404916 87
206701999 339
315279687 327
784281511 490
552539530 474
149023753 77
292485212 205
915104551 473
35020329 9
604268914 362
46380023 8
64593676 9
92333017 10
604107321 413
93074006 7
19115066 9
795216725 416
50509695 7
57341473 7
387337307 185
84544875 7
566020451 325
