498
100
2
93081457 10
53094175 12
428798712 65
45154077 10
113079934 126
217599002 275
294912131 335
610835922 476
58137250 10
20529098 9
48895466 9
82507072 10
65547747 10
810328166 273
678133558 88
174088157 161
216209281 461
23886715 9
869134591 282
48507734 9
974609096 185
48687267 10
578620764 416
63902142 12
43242952 9
43739088 10
861179691 235
323556661 260
991879893 210
51319622 9
617448002 265
483997284 290
558769416 271
852188824 242
885863643 183
29355922 11
274029380 276
77681971 9
609489079 394
965676674 301
248504356 67
935805224 274
692897935 249
155908229 311
93389140 12
369082038 252
690732063 300
58531325 12
199369809 118
76295659 9
586288897 299
552876864 213
894295675 60
284927444 411
61946634 11
445161058 436
902362265 251
646603429 449
622900379 178
69796766 11
642484008 223
937547513 494
68188359 11
617069137 419
304407106 189
594233564 234
688199966 216
140316505 332
20925373 12
328424734 165
77355563 12
45916795 10
354231877 442
70124843 11
117925536 226
653776532 409
46064208 9
71810021 9
954619287 400
141270963 342
436073304 119
471027265 489
79442347 9
888729930 448
787140250 249
57982453 12
64457808 10
585800141 303
538458538 387
39648724 12
560386254 340
891038765 373
48619746 10
45160655 11
56833271 9
96184115 10
616452054 224
77465573 9
919281412 306
221259734 193
