145
76
2
202 55
57 10
263 57
287 134
235 53
198 56
50 10
126 12
228 100
39 9
4 9
63 10
142 34
173 112
142 12
181 42
157 10
217 128
56 12
8 12
119 89
12 9
104 78
192 60
102 12
266 30
145 10
250 57
39 10
103 23
175 20
248 17
20 12
156 44
117 11
138 11
151 9
101 105
125 77
132 24
35 9
133 98
203 64
122 45
158 83
198 11
78 12
85 10
181 113
3 9
239 104
137 11
165 10
160 20
133 11
117 12
45 10
68 11
186 9
151 105
192 15
112 10
4 9
95 10
263 16
154 10
123 88
141 10
162 10
300 49
212 38
148 10
205 26
177 93
176 50
171 9
